{
    "camera_angle_x": 0.5235987755982988,
    "frames": [
        {
            "file_path": "./train/r_000_002",
            "rotation": 0,
            "time": 0.0,
            "transform_matrix": [
                [
                    -0.49999999999999994,
                    0.29619813272602386,
                    0.8137976813493737,
                    0.8137976813493739
                ],
                [
                    0.8660254037844387,
                    0.17101007166283433,
                    0.4698463103929541,
                    0.46984631039295405
                ],
                [
                    2.2587423080516028e-17,
                    0.9396926207859084,
                    -0.3420201433256687,
                    -0.3420201433256688
                ],
                [
                    0.0,
                    0.0,
                    0.0,
                    1.0
                ]
            ]
        },
        {
            "file_path": "./train/r_000_003",
            "rotation": 0,
            "time": 0.0,
            "transform_matrix": [
                [
                    -0.7071067811865475,
                    0.2418447626479753,
                    0.6644630243886748,
                    0.6644630243886749
                ],
                [
                    0.7071067811865476,
                    0.24184476264797528,
                    0.6644630243886747,
                    0.6644630243886749
                ],
                [
                    0.0,
                    0.9396926207859084,
                    -0.3420201433256687,
                    -0.34202014332566893
                ],
                [
                    0.0,
                    0.0,
                    0.0,
                    1.0
                ]
            ]
        },
        {
            "file_path": "./train/r_000_004",
            "rotation": 0,
            "time": 0.0,
            "transform_matrix": [
                [
                    -0.8660254037844386,
                    0.17101007166283438,
                    0.4698463103929543,
                    0.4698463103929543
                ],
                [
                    0.5000000000000001,
                    0.2961981327260238,
                    0.8137976813493736,
                    0.8137976813493737
                ],
                [
                    2.6081709591671787e-17,
                    0.9396926207859084,
                    -0.34202014332566866,
                    -0.3420201433256688
                ],
                [
                    0.0,
                    0.0,
                    0.0,
                    1.0
                ]
            ]
        },
        {
            "file_path": "./train/r_000_005",
            "rotation": 0,
            "time": 0.0,
            "transform_matrix": [
                [
                    -0.9659258262890682,
                    0.08852132690137686,
                    0.24321034680169396,
                    0.24321034680169398
                ],
                [
                    0.25881904510252074,
                    0.3303660895493521,
                    0.9076733711903686,
                    0.9076733711903687
                ],
                [
                    -1.3040854795835892e-17,
                    0.9396926207859083,
                    -0.34202014332566877,
                    -0.34202014332566877
                ],
                [
                    0.0,
                    0.0,
                    0.0,
                    1.0
                ]
            ]
        },
        {
            "file_path": "./train/r_000_006",
            "rotation": 0,
            "time": 0.0,
            "transform_matrix": [
                [
                    -1.0,
                    2.099159139535325e-17,
                    5.7673923357151e-17,
                    5.7673923357151e-17
                ],
                [
                    6.137530728815942e-17,
                    0.34202014332566877,
                    0.9396926207859084,
                    0.9396926207859083
                ],
                [
                    0.0,
                    0.9396926207859084,
                    -0.34202014332566877,
                    -0.34202014332566866
                ],
                [
                    0.0,
                    0.0,
                    0.0,
                    1.0
                ]
            ]
        },
        {
            "file_path": "./train/r_000_007",
            "rotation": 0,
            "time": 0.0,
            "transform_matrix": [
                [
                    -0.9659258262890682,
                    -0.0885213269013769,
                    -0.24321034680169407,
                    -0.24321034680169407
                ],
                [
                    -0.25881904510252085,
                    0.3303660895493521,
                    0.9076733711903686,
                    0.9076733711903687
                ],
                [
                    1.3040854795835892e-17,
                    0.9396926207859083,
                    -0.34202014332566877,
                    -0.34202014332566877
                ],
                [
                    0.0,
                    0.0,
                    0.0,
                    1.0
                ]
            ]
        },
        {
            "file_path": "./train/r_000_010",
            "rotation": 0,
            "time": 0.0,
            "transform_matrix": [
                [
                    -0.49999999999999983,
                    -0.29619813272602386,
                    -0.8137976813493738,
                    -0.813797681349374
                ],
                [
                    -0.8660254037844387,
                    0.17101007166283427,
                    0.4698463103929541,
                    0.46984631039295416
                ],
                [
                    0.0,
                    0.9396926207859084,
                    -0.34202014332566866,
                    -0.34202014332566877
                ],
                [
                    0.0,
                    0.0,
                    0.0,
                    1.0
                ]
            ]
        },
        {
            "file_path": "./train/r_000_011",
            "rotation": 0,
            "time": 0.0,
            "transform_matrix": [
                [
                    -0.258819045102521,
                    -0.3303660895493521,
                    -0.9076733711903686,
                    -0.9076733711903687
                ],
                [
                    -0.9659258262890682,
                    0.08852132690137694,
                    0.24321034680169412,
                    0.24321034680169415
                ],
                [
                    0.0,
                    0.9396926207859084,
                    -0.34202014332566866,
                    -0.34202014332566866
                ],
                [
                    0.0,
                    0.0,
                    0.0,
                    1.0
                ]
            ]
        },
        {
            "file_path": "./train/r_000_012",
            "rotation": 0,
            "time": 0.0,
            "transform_matrix": [
                [
                    -9.820049166105508e-17,
                    -0.3420201433256687,
                    -0.9396926207859083,
                    -0.9396926207859083
                ],
                [
                    -1.0,
                    3.3586546232565194e-17,
                    9.227827737144159e-17,
                    9.227827737144159e-17
                ],
                [
                    5.791302902052162e-33,
                    0.9396926207859084,
                    -0.34202014332566866,
                    -0.34202014332566877
                ],
                [
                    0.0,
                    0.0,
                    0.0,
                    1.0
                ]
            ]
        },
        {
            "file_path": "./train/r_000_013",
            "rotation": 0,
            "time": 0.0,
            "transform_matrix": [
                [
                    0.2588190451025208,
                    -0.33036608954935204,
                    -0.9076733711903687,
                    -0.907673371190369
                ],
                [
                    -0.9659258262890684,
                    -0.08852132690137685,
                    -0.24321034680169398,
                    -0.24321034680169407
                ],
                [
                    0.0,
                    0.9396926207859083,
                    -0.34202014332566866,
                    -0.34202014332566866
                ],
                [
                    0.0,
                    0.0,
                    0.0,
                    1.0
                ]
            ]
        },
        {
            "file_path": "./train/r_000_014",
            "rotation": 0,
            "time": 0.0,
            "transform_matrix": [
                [
                    0.5000000000000001,
                    -0.29619813272602374,
                    -0.8137976813493736,
                    -0.813797681349374
                ],
                [
                    -0.8660254037844387,
                    -0.17101007166283436,
                    -0.46984631039295427,
                    -0.46984631039295444
                ],
                [
                    0.0,
                    0.9396926207859083,
                    -0.34202014332566866,
                    -0.34202014332566877
                ],
                [
                    0.0,
                    0.0,
                    0.0,
                    1.0
                ]
            ]
        },
        {
            "file_path": "./train/r_000_015",
            "rotation": 0,
            "time": 0.0,
            "transform_matrix": [
                [
                    0.7071067811865475,
                    -0.2418447626479753,
                    -0.6644630243886749,
                    -0.6644630243886749
                ],
                [
                    -0.7071067811865476,
                    -0.24184476264797522,
                    -0.6644630243886747,
                    -0.6644630243886748
                ],
                [
                    0.0,
                    0.9396926207859084,
                    -0.3420201433256687,
                    -0.3420201433256688
                ],
                [
                    0.0,
                    0.0,
                    0.0,
                    1.0
                ]
            ]
        },
        {
            "file_path": "./train/r_000_018",
            "rotation": 0,
            "time": 0.0,
            "transform_matrix": [
                [
                    1.0,
                    -6.297477418605973e-17,
                    -1.7302177007145295e-16,
                    -1.7302177007145298e-16
                ],
                [
                    -1.8412592186447826e-16,
                    -0.3420201433256687,
                    -0.9396926207859083,
                    -0.9396926207859083
                ],
                [
                    1.1582605804104323e-32,
                    0.9396926207859084,
                    -0.34202014332566866,
                    -0.34202014332566866
                ],
                [
                    0.0,
                    0.0,
                    0.0,
                    1.0
                ]
            ]
        },
        {
            "file_path": "./train/r_000_019",
            "rotation": 0,
            "time": 0.0,
            "transform_matrix": [
                [
                    0.9659258262890684,
                    0.08852132690137672,
                    0.2432103468016935,
                    0.24321034680169357
                ],
                [
                    0.2588190451025203,
                    -0.33036608954935215,
                    -0.9076733711903687,
                    -0.907673371190369
                ],
                [
                    -1.3040854795835894e-17,
                    0.9396926207859084,
                    -0.34202014332566866,
                    -0.34202014332566877
                ],
                [
                    0.0,
                    0.0,
                    0.0,
                    1.0
                ]
            ]
        },
        {
            "file_path": "./train/r_000_020",
            "rotation": 0,
            "time": 0.0,
            "transform_matrix": [
                [
                    0.8660254037844386,
                    0.17101007166283438,
                    0.4698463103929543,
                    0.4698463103929543
                ],
                [
                    0.5000000000000001,
                    -0.2961981327260238,
                    -0.8137976813493736,
                    -0.8137976813493736
                ],
                [
                    -2.6081709591671787e-17,
                    0.9396926207859084,
                    -0.34202014332566866,
                    -0.3420201433256688
                ],
                [
                    0.0,
                    0.0,
                    0.0,
                    1.0
                ]
            ]
        },
        {
            "file_path": "./train/r_000_021",
            "rotation": 0,
            "time": 0.0,
            "transform_matrix": [
                [
                    0.7071067811865477,
                    0.24184476264797522,
                    0.6644630243886746,
                    0.6644630243886746
                ],
                [
                    0.7071067811865474,
                    -0.24184476264797533,
                    -0.6644630243886749,
                    -0.6644630243886749
                ],
                [
                    0.0,
                    0.9396926207859084,
                    -0.3420201433256687,
                    -0.3420201433256688
                ],
                [
                    0.0,
                    0.0,
                    0.0,
                    1.0
                ]
            ]
        },
        {
            "file_path": "./train/r_000_022",
            "rotation": 0,
            "time": 0.0,
            "transform_matrix": [
                [
                    0.5000000000000006,
                    0.29619813272602374,
                    0.8137976813493735,
                    0.8137976813493735
                ],
                [
                    0.8660254037844384,
                    -0.17101007166283455,
                    -0.46984631039295466,
                    -0.4698463103929547
                ],
                [
                    0.0,
                    0.9396926207859084,
                    -0.3420201433256687,
                    -0.3420201433256688
                ],
                [
                    0.0,
                    0.0,
                    0.0,
                    1.0
                ]
            ]
        },
        {
            "file_path": "./train/r_000_023",
            "rotation": 0,
            "time": 0.0,
            "transform_matrix": [
                [
                    0.2588190451025207,
                    0.33036608954935215,
                    0.9076733711903687,
                    0.907673371190369
                ],
                [
                    0.9659258262890684,
                    -0.08852132690137682,
                    -0.24321034680169387,
                    -0.24321034680169393
                ],
                [
                    -1.2596498444183546e-17,
                    0.9396926207859084,
                    -0.34202014332566866,
                    -0.3420201433256688
                ],
                [
                    0.0,
                    0.0,
                    0.0,
                    1.0
                ]
            ]
        },
        {
            "file_path": "./train/r_000_026",
            "rotation": 0,
            "time": 0.0,
            "transform_matrix": [
                [
                    -0.4999999999999999,
                    0.0,
                    0.8660254037844387,
                    0.8660254037844389
                ],
                [
                    0.8660254037844387,
                    0.0,
                    0.4999999999999999,
                    0.49999999999999994
                ],
                [
                    0.0,
                    1.0,
                    0.0,
                    0.0
                ],
                [
                    0.0,
                    0.0,
                    0.0,
                    1.0
                ]
            ]
        },
        {
            "file_path": "./train/r_000_027",
            "rotation": 0,
            "time": 0.0,
            "transform_matrix": [
                [
                    -0.7071067811865475,
                    -0.0,
                    0.7071067811865476,
                    0.7071067811865476
                ],
                [
                    0.7071067811865475,
                    0.0,
                    0.7071067811865476,
                    0.7071067811865477
                ],
                [
                    0.0,
                    1.0,
                    0.0,
                    0.0
                ],
                [
                    0.0,
                    0.0,
                    0.0,
                    1.0
                ]
            ]
        },
        {
            "file_path": "./train/r_000_028",
            "rotation": 0,
            "time": 0.0,
            "transform_matrix": [
                [
                    -0.8660254037844386,
                    -0.0,
                    0.5000000000000001,
                    0.5
                ],
                [
                    0.5000000000000001,
                    0.0,
                    0.8660254037844385,
                    0.8660254037844386
                ],
                [
                    0.0,
                    1.0,
                    0.0,
                    0.0
                ],
                [
                    0.0,
                    0.0,
                    0.0,
                    1.0
                ]
            ]
        },
        {
            "file_path": "./train/r_000_029",
            "rotation": 0,
            "time": 0.0,
            "transform_matrix": [
                [
                    -0.9659258262890683,
                    -0.0,
                    0.2588190451025207,
                    0.2588190451025207
                ],
                [
                    0.2588190451025207,
                    0.0,
                    0.9659258262890682,
                    0.9659258262890683
                ],
                [
                    0.0,
                    0.9999999999999998,
                    0.0,
                    0.0
                ],
                [
                    0.0,
                    0.0,
                    0.0,
                    1.0
                ]
            ]
        },
        {
            "file_path": "./train/r_000_030",
            "rotation": 0,
            "time": 0.0,
            "transform_matrix": [
                [
                    -1.0,
                    -0.0,
                    6.344131569286608e-17,
                    6.34413156928661e-17
                ],
                [
                    6.344131569286608e-17,
                    0.0,
                    1.0,
                    1.0
                ],
                [
                    0.0,
                    1.0,
                    0.0,
                    0.0
                ],
                [
                    0.0,
                    0.0,
                    0.0,
                    1.0
                ]
            ]
        },
        {
            "file_path": "./train/r_000_031",
            "rotation": 0,
            "time": 0.0,
            "transform_matrix": [
                [
                    -0.9659258262890682,
                    -0.0,
                    -0.2588190451025209,
                    -0.2588190451025209
                ],
                [
                    -0.25881904510252085,
                    0.0,
                    0.9659258262890684,
                    0.9659258262890683
                ],
                [
                    0.0,
                    1.0,
                    0.0,
                    0.0
                ],
                [
                    0.0,
                    0.0,
                    0.0,
                    1.0
                ]
            ]
        },
        {
            "file_path": "./train/r_000_034",
            "rotation": 0,
            "time": 0.0,
            "transform_matrix": [
                [
                    -0.4999999999999999,
                    -0.0,
                    -0.8660254037844387,
                    -0.8660254037844388
                ],
                [
                    -0.8660254037844387,
                    -0.0,
                    0.4999999999999999,
                    0.49999999999999994
                ],
                [
                    0.0,
                    1.0,
                    0.0,
                    0.0
                ],
                [
                    0.0,
                    0.0,
                    0.0,
                    1.0
                ]
            ]
        },
        {
            "file_path": "./train/r_000_035",
            "rotation": 0,
            "time": 0.0,
            "transform_matrix": [
                [
                    -0.25881904510252096,
                    -0.0,
                    -0.9659258262890683,
                    -0.9659258262890683
                ],
                [
                    -0.9659258262890682,
                    -0.0,
                    0.258819045102521,
                    0.25881904510252096
                ],
                [
                    0.0,
                    1.0,
                    0.0,
                    0.0
                ],
                [
                    0.0,
                    0.0,
                    0.0,
                    1.0
                ]
            ]
        },
        {
            "file_path": "./train/r_000_036",
            "rotation": 0,
            "time": 0.0,
            "transform_matrix": [
                [
                    -1.3841741605716237e-16,
                    -0.0,
                    -1.0,
                    -1.0
                ],
                [
                    -1.0,
                    -0.0,
                    1.3841741605716237e-16,
                    1.3841741605716237e-16
                ],
                [
                    0.0,
                    1.0,
                    0.0,
                    0.0
                ],
                [
                    0.0,
                    0.0,
                    0.0,
                    1.0
                ]
            ]
        },
        {
            "file_path": "./train/r_000_037",
            "rotation": 0,
            "time": 0.0,
            "transform_matrix": [
                [
                    0.25881904510252074,
                    -0.0,
                    -0.9659258262890684,
                    -0.9659258262890684
                ],
                [
                    -0.9659258262890682,
                    -0.0,
                    -0.2588190451025208,
                    -0.25881904510252074
                ],
                [
                    0.0,
                    1.0,
                    0.0,
                    0.0
                ],
                [
                    0.0,
                    0.0,
                    0.0,
                    1.0
                ]
            ]
        },
        {
            "file_path": "./train/r_000_038",
            "rotation": 0,
            "time": 0.0,
            "transform_matrix": [
                [
                    0.5000000000000001,
                    -0.0,
                    -0.8660254037844386,
                    -0.8660254037844386
                ],
                [
                    -0.8660254037844385,
                    -0.0,
                    -0.5000000000000001,
                    -0.5000000000000002
                ],
                [
                    0.0,
                    1.0,
                    0.0,
                    0.0
                ],
                [
                    0.0,
                    0.0,
                    0.0,
                    1.0
                ]
            ]
        },
        {
            "file_path": "./train/r_000_039",
            "rotation": 0,
            "time": 0.0,
            "transform_matrix": [
                [
                    0.7071067811865474,
                    -0.0,
                    -0.7071067811865477,
                    -0.7071067811865478
                ],
                [
                    -0.7071067811865476,
                    -0.0,
                    -0.7071067811865474,
                    -0.7071067811865474
                ],
                [
                    0.0,
                    1.0,
                    0.0,
                    0.0
                ],
                [
                    0.0,
                    0.0,
                    0.0,
                    1.0
                ]
            ]
        },
        {
            "file_path": "./train/r_000_042",
            "rotation": 0,
            "time": 0.0,
            "transform_matrix": [
                [
                    1.0,
                    0.0,
                    -1.8455655474288318e-16,
                    -1.8455655474288318e-16
                ],
                [
                    -1.8455655474288318e-16,
                    -0.0,
                    -1.0,
                    -1.0
                ],
                [
                    0.0,
                    1.0,
                    0.0,
                    0.0
                ],
                [
                    0.0,
                    0.0,
                    0.0,
                    1.0
                ]
            ]
        },
        {
            "file_path": "./train/r_000_043",
            "rotation": 0,
            "time": 0.0,
            "transform_matrix": [
                [
                    0.9659258262890684,
                    0.0,
                    0.2588190451025203,
                    0.25881904510252035
                ],
                [
                    0.2588190451025203,
                    -0.0,
                    -0.9659258262890684,
                    -0.9659258262890684
                ],
                [
                    0.0,
                    1.0,
                    0.0,
                    0.0
                ],
                [
                    0.0,
                    0.0,
                    0.0,
                    1.0
                ]
            ]
        },
        {
            "file_path": "./train/r_000_044",
            "rotation": 0,
            "time": 0.0,
            "transform_matrix": [
                [
                    0.8660254037844386,
                    0.0,
                    0.5000000000000001,
                    0.5000000000000001
                ],
                [
                    0.5000000000000001,
                    -0.0,
                    -0.8660254037844385,
                    -0.8660254037844386
                ],
                [
                    0.0,
                    1.0,
                    0.0,
                    0.0
                ],
                [
                    0.0,
                    0.0,
                    0.0,
                    1.0
                ]
            ]
        },
        {
            "file_path": "./train/r_000_045",
            "rotation": 0,
            "time": 0.0,
            "transform_matrix": [
                [
                    0.7071067811865477,
                    0.0,
                    0.7071067811865474,
                    0.7071067811865475
                ],
                [
                    0.7071067811865474,
                    -0.0,
                    -0.7071067811865477,
                    -0.7071067811865478
                ],
                [
                    0.0,
                    1.0,
                    0.0,
                    0.0
                ],
                [
                    0.0,
                    0.0,
                    0.0,
                    1.0
                ]
            ]
        },
        {
            "file_path": "./train/r_000_046",
            "rotation": 0,
            "time": 0.0,
            "transform_matrix": [
                [
                    0.5000000000000004,
                    0.0,
                    0.8660254037844384,
                    0.8660254037844384
                ],
                [
                    0.8660254037844384,
                    0.0,
                    -0.5000000000000004,
                    -0.5000000000000006
                ],
                [
                    0.0,
                    1.0,
                    0.0,
                    0.0
                ],
                [
                    0.0,
                    0.0,
                    0.0,
                    1.0
                ]
            ]
        },
        {
            "file_path": "./train/r_000_047",
            "rotation": 0,
            "time": 0.0,
            "transform_matrix": [
                [
                    0.25881904510252063,
                    0.0,
                    0.9659258262890683,
                    0.9659258262890684
                ],
                [
                    0.9659258262890682,
                    0.0,
                    -0.25881904510252063,
                    -0.2588190451025207
                ],
                [
                    0.0,
                    0.9999999999999998,
                    0.0,
                    0.0
                ],
                [
                    0.0,
                    0.0,
                    0.0,
                    1.0
                ]
            ]
        },
        {
            "file_path": "./train/r_000_050",
            "rotation": 0,
            "time": 0.0,
            "transform_matrix": [
                [
                    -0.4999999999999999,
                    -0.43301270189221924,
                    0.7500000000000001,
                    0.75
                ],
                [
                    0.8660254037844387,
                    -0.24999999999999992,
                    0.43301270189221924,
                    0.4330127018922192
                ],
                [
                    2.081668171172169e-17,
                    0.8660254037844388,
                    0.4999999999999999,
                    0.49999999999999994
                ],
                [
                    0.0,
                    0.0,
                    0.0,
                    1.0
                ]
            ]
        },
        {
            "file_path": "./train/r_000_051",
            "rotation": 0,
            "time": 0.0,
            "transform_matrix": [
                [
                    -0.7071067811865476,
                    -0.35355339059327373,
                    0.6123724356957947,
                    0.6123724356957947
                ],
                [
                    0.7071067811865476,
                    -0.35355339059327373,
                    0.6123724356957947,
                    0.6123724356957947
                ],
                [
                    0.0,
                    0.8660254037844388,
                    0.5,
                    0.5
                ],
                [
                    0.0,
                    0.0,
                    0.0,
                    1.0
                ]
            ]
        },
        {
            "file_path": "./train/r_000_052",
            "rotation": 0,
            "time": 0.0,
            "transform_matrix": [
                [
                    -0.8660254037844386,
                    -0.24999999999999997,
                    0.43301270189221946,
                    0.43301270189221946
                ],
                [
                    0.5,
                    -0.4330127018922192,
                    0.7500000000000001,
                    0.7500000000000001
                ],
                [
                    0.0,
                    0.8660254037844387,
                    0.4999999999999999,
                    0.49999999999999994
                ],
                [
                    0.0,
                    0.0,
                    0.0,
                    1.0
                ]
            ]
        },
        {
            "file_path": "./train/r_000_053",
            "rotation": 0,
            "time": 0.0,
            "transform_matrix": [
                [
                    -0.9659258262890682,
                    -0.1294095225512603,
                    0.2241438680420134,
                    0.22414386804201344
                ],
                [
                    0.25881904510252074,
                    -0.48296291314453393,
                    0.836516303737808,
                    0.8365163037378084
                ],
                [
                    2.4037033579794545e-17,
                    0.8660254037844385,
                    0.4999999999999999,
                    0.5
                ],
                [
                    0.0,
                    0.0,
                    0.0,
                    1.0
                ]
            ]
        },
        {
            "file_path": "./train/r_000_054",
            "rotation": 0,
            "time": 0.0,
            "transform_matrix": [
                [
                    -1.0,
                    -2.9968249657925676e-17,
                    5.1906531021435895e-17,
                    5.1906531021435895e-17
                ],
                [
                    5.993649931585135e-17,
                    -0.5,
                    0.8660254037844386,
                    0.8660254037844386
                ],
                [
                    0.0,
                    0.8660254037844387,
                    0.5,
                    0.49999999999999994
                ],
                [
                    0.0,
                    0.0,
                    0.0,
                    1.0
                ]
            ]
        },
        {
            "file_path": "./train/r_000_055",
            "rotation": 0,
            "time": 0.0,
            "transform_matrix": [
                [
                    -0.9659258262890682,
                    0.1294095225512604,
                    -0.2241438680420135,
                    -0.22414386804201353
                ],
                [
                    -0.25881904510252085,
                    -0.482962913144534,
                    0.8365163037378079,
                    0.836516303737808
                ],
                [
                    0.0,
                    0.8660254037844387,
                    0.4999999999999999,
                    0.5
                ],
                [
                    0.0,
                    0.0,
                    0.0,
                    1.0
                ]
            ]
        },
        {
            "file_path": "./train/r_000_058",
            "rotation": 0,
            "time": 0.0,
            "transform_matrix": [
                [
                    -0.4999999999999999,
                    0.43301270189221924,
                    -0.7500000000000001,
                    -0.7500000000000001
                ],
                [
                    -0.8660254037844387,
                    -0.24999999999999992,
                    0.43301270189221924,
                    0.43301270189221913
                ],
                [
                    -2.081668171172169e-17,
                    0.8660254037844388,
                    0.4999999999999999,
                    0.5
                ],
                [
                    0.0,
                    0.0,
                    0.0,
                    1.0
                ]
            ]
        },
        {
            "file_path": "./train/r_000_059",
            "rotation": 0,
            "time": 0.0,
            "transform_matrix": [
                [
                    -0.25881904510252113,
                    0.48296291314453377,
                    -0.836516303737808,
                    -0.836516303737808
                ],
                [
                    -0.9659258262890682,
                    -0.1294095225512605,
                    0.2241438680420137,
                    0.2241438680420138
                ],
                [
                    0.0,
                    0.8660254037844385,
                    0.4999999999999998,
                    0.49999999999999983
                ],
                [
                    0.0,
                    0.0,
                    0.0,
                    1.0
                ]
            ]
        },
        {
            "file_path": "./train/r_000_060",
            "rotation": 0,
            "time": 0.0,
            "transform_matrix": [
                [
                    -1.065537765615135e-16,
                    0.4999999999999999,
                    -0.8660254037844387,
                    -0.8660254037844388
                ],
                [
                    -1.0,
                    -5.327688828075674e-17,
                    9.227827737144159e-17,
                    9.227827737144159e-17
                ],
                [
                    0.0,
                    0.8660254037844387,
                    0.4999999999999999,
                    0.49999999999999983
                ],
                [
                    0.0,
                    0.0,
                    0.0,
                    1.0
                ]
            ]
        },
        {
            "file_path": "./train/r_000_061",
            "rotation": 0,
            "time": 0.0,
            "transform_matrix": [
                [
                    0.2588190451025208,
                    0.48296291314453393,
                    -0.836516303737808,
                    -0.836516303737808
                ],
                [
                    -0.9659258262890682,
                    0.12940952255126034,
                    -0.22414386804201342,
                    -0.2241438680420134
                ],
                [
                    -2.3217991522101126e-17,
                    0.8660254037844385,
                    0.4999999999999999,
                    0.49999999999999983
                ],
                [
                    0.0,
                    0.0,
                    0.0,
                    1.0
                ]
            ]
        },
        {
            "file_path": "./train/r_000_062",
            "rotation": 0,
            "time": 0.0,
            "transform_matrix": [
                [
                    0.5,
                    0.4330127018922192,
                    -0.75,
                    -0.75
                ],
                [
                    -0.8660254037844385,
                    0.24999999999999994,
                    -0.43301270189221935,
                    -0.43301270189221946
                ],
                [
                    2.0816681711721682e-17,
                    0.8660254037844387,
                    0.49999999999999983,
                    0.49999999999999994
                ],
